100
927 464 854
769 518 387
473 577 8
986 825 870
513 513 256
442 294 277
4 4 5
695 688 482
108 926 41
4 3 5
811 281 467
965 746 988
3 2 1
122 136 69
766 304 204
512 512 513
435995917 979480736 480923907
473 260 114
806 276 116
4 3 2
70981497 241385426 523074662
5 2 2
2 1 1
187 259 327
1 1 1
4 5 4
4 2 4
21966757 326354834 297985818
615 647 213
77 920 11
7 8 5
710 416 159
893 221 10
536870911 536870911 536870910
103 143 88
4 5 2
664 424 110
102 151 51
796457141 139412457 320091628
769 980 679
512 512 2
1 5 5
513 513 2
120112498 37842566 481864540
513 513 512
512 512 257
3 4 2
233001515 435294271 282132516
935 722 649
1000000000 1000000000 1000000000
953 73 47
226 230 33
512 512 256
448 279 15
781 345 307
1000 1000 1
159774951 57753347 117011078
483415183 170508880 312925494
513 513 1
795 935 276
2 3 2
828 127 7
116983777 8383912 181050366
562 298 725
373290169 338691470 355056806
596 760 293
742 10 3
885 161 95
92147067 304163195 526605149
2 2 2
322 648 945
1 1 1
1 1 1000
45 56 35
5 2 3
513 513 257
512 512 1
274 537 81
314 428 202
599 26 8
1 2 1
5 5 1
934 307 990
991 635 544
5 4 4
5 2 2
746 839 23
5 4 1
4 4 5
2 1 1
691 736 44
991637695 525379796 745606312
532832027 597749434 807738212
709 263 465
511 528 751
608779998 507098333 729434888
536870911 536870911 536870911
222 440 103
805 187 129
851704365 729824461 831305829
